500 3 1500 3 
500 2 1500 2 
200 .1 1500 .1 200 .1 1500 .1 200 .1 1500 .1 200 .1 1500 .1 200 .1 1500 .1 200 .1 1500 .1 200 .1 1500 .1 200 .1 1500 .1 200 .1 1500 .1 200 .1 1500 .1 
500 3.5 1500 3.5 500 3.5 1500 3.5 
500 2.5 1500 2.5 500 2.5 1500 2.5 
500 4 1500 4 
500 1 1500 1
200 .2 1500 .2 200 .2 1500 .2 200 .2 1500 .2 200 .2 1500 .2 200 .2 1500 .2 200 .2 1500 .2 200 .2 1500 .2 200 .2 1500 .2 200 .2 1500 .2 200 .2 1500 .2 
200 .3 1500 .3 200 .3 1500 .3 200 .3 1500 .3 200 .3 1500 .3 200 .3 1500 .3 200 .3 1500 .3 200 .3 1500 .3 200 .3 1500 .3 200 .3 1500 .3 200 .3 1500 .3 
200 .4 1500 .4 200 .4 1500 .4 200 .4 1500 .4 200 .4 1500 .4 200 .4 1500 .4 200 .4 1500 .4 200 .4 1500 .4 200 .4 1500 .4 200 .4 1500 .4 200 .4 1500 .4 
200 .25 1500 .25 200 .25 1500 .25 200 .25 1500 .25 200 .25 1500 .25 200 .25 1500 .25 200 .25 1500 .25 200 .25 1500 .25 200 .25 1500 .25 200 .25 1500 .25 
200 .35 1500 .35 200 .35 1500 .35 200 .35 1500 .35 200 .35 1500 .35 200 .35 1500 .35 200 .35 1500 .35 200 .35 1500 .35 200 .35 1500 .35 200 .35 1500 .35 